Register A: 60589763
Register B: 0
Register C: 0

Program: 2,4,1,5,7,5,1,6,4,1,5,5,0,3,3,0

1:
1.584962500721156
4.584962500721157
4.954196310386876

2:
4.584962500721157
4.954196310386876
7.584962500721156
7.994353436858858

3:
7.607330313749611
7.994353436858858
10.607330313749612
10.99929538702341

4:
10.610102062999665
10.987264012072538
13.610102062999665
13.987885729402086

5:
13.610102062999665
13.987619311924327
16.610102062999665
16.98769702210426

6
16
19

7
19
22

8
22
25

9
25
28

10
28
31

11
31
34

12
34
37

13
37
40

14
40
43

15
43
46

16
46
49